285.0
285.0
285.0
285.0
284.6
284.5
284.3
284.2
284.0
283.9
283.7
283.5
283.3
283.1
282.8
282.5
282.3
282.0
281.7
281.5
281.2
281.0
280.8
280.5
280.2
279.9
279.6
279.2
278.8
278.4
277.9
277.5
277.1
276.3
275.8
275.9
275.7
275.7
275.7
275.6
275.5
275.7
275.4
275.7
275.9
275.9
276.0
276.3
276.3
276.5
276.5
276.7
277.0
277.0
277.0
277.0
277.0
277.0
277.0
277.0
277.5
277.6
277.6
277.6
277.6
277.6
277.6
277.6
278.1
278.4
278.4
278.4
278.3
278.3
278.5
278.1
278.2
277.8
277.5
277.6
277.3
277.3
277.2
276.9
277.1
276.9
277.0
276.8
276.8
276.9
276.6
276.3
276.4
276.2
275.9
275.7
275.7
275.4
275.1
274.7
274.7
274.4
274.0
274.1
273.8
273.9
273.6
273.5
273.5
273.4
273.3
273.3
273.2
273.0
272.9
272.7
272.7
272.4
272.6
272.3
272.5
272.5
272.6
272.7
272.8
272.9
272.9
272.6
272.6
272.6
272.6
272.2
271.8
271.8
271.4
271.1
271.1
270.9
270.7
270.5
270.5
270.2
270.2
270.0
270.0
269.7
269.7
269.3
269.3
268.9
268.5
268.5
268.5
268.2
268.2
268.2
268.2
268.2
268.2
268.2
268.2
268.2
267.9
267.1
267.2
266.9
266.5
266.2
265.7
265.2
265.2
264.8
264.2
264.2
263.7
263.7
263.7
263.6
263.6
263.6
264.1
264.0
264.0
263.9
263.9
264.3
263.8
263.8
263.8
263.8
263.7
263.2
263.2
262.7
262.7
262.1
262.3
261.8
261.8
262.0
261.5
261.5
261.5
261.6
261.5
261.5
261.5
261.4
261.4
261.3
261.2
261.1
261.1
260.9
260.8
260.8
260.6
260.5
260.3
260.2
260.0
259.8
259.7
259.4
259.3
259.1
259.0
259.0
258.2
258.0
257.9
257.9
257.8
257.7
257.7
258.1
258.0
258.0
258.3
258.5
258.9
259.3
259.3
259.6
260.1
259.9
260.4
260.2
260.5
260.5
260.3
260.2
260.4
260.4
260.7
260.6
261.0
261.0
261.4
261.9
261.9
262.2
262.2
262.4
262.4
262.7
262.7
263.0
262.8
263.2
263.0
263.3
263.3
263.6
263.6
263.4
263.4
263.2
263.0
263.0
262.7
262.9
262.5
262.5
262.7
262.4
262.5
262.5
262.2
261.9
261.6
261.3
261.0
260.3
260.0
259.7
259.5
259.2
258.6
258.3
258.1
257.8
257.6
257.2
257.1
256.9
256.8
256.7
256.6
256.4
256.3
256.2
255.8
255.7
255.6
255.4
255.2
255.1
254.9
254.8
254.5
254.3
254.2
254.0
253.9
253.8
253.4
253.5
253.4
253.2
253.3
253.1
253.1
252.9
252.8
252.6
252.5
252.4
252.5
252.3
252.2
252.4
252.2
252.1
251.9
251.8
251.4
251.3
250.6
250.4
250.0
249.7
249.5
249.1
248.9
248.6
248.3
248.1
247.9
247.7
247.5
247.3
247.2
246.8
246.6
246.4
246.1
245.7
245.4
245.1
244.7
244.5
244.5
244.2
244.2
244.1
244.0
243.9
243.9
243.9
243.9
243.9
243.8
243.7
243.3
243.3
243.3
243.3
243.3
243.3
243.3
243.5
243.5
243.8
243.8
244.0
244.0
244.2
244.2
244.4
244.4
244.6
244.8
244.8
245.0
245.0
245.2
245.4
245.3
245.5
245.6
245.8
245.9
245.9
246.0
246.1
246.2
246.3
246.4
246.5
246.6
246.7
246.7
246.8
246.9
247.0
247.1
247.2
247.3
247.3
247.4
247.5
247.6
247.6
247.7
247.8
247.9
247.9
248.0
248.1
248.2
248.3
248.4
248.5
248.6
248.7
248.8
248.9
249.0
249.2
249.3
249.4
249.5
249.6
249.7
249.7
249.8
249.9
250.0
250.1
250.2
250.3
250.4
250.5
250.6
250.7
250.8
250.9
251.0
251.2
251.3
251.4
251.5
251.6
251.7
251.8
252.0
252.1
252.2
252.3
252.4
252.5
252.6
252.6
252.7
252.8
252.9
253.0
253.1
253.2
253.3
253.4
253.4
253.5
253.5
253.6
253.7
253.9
254.0
254.2
254.3
254.5
254.6
254.7
254.8
255.0
255.1
255.2
255.3
255.5
255.6
255.7
255.8
255.9
256.0
256.1
256.2
256.3
256.4
256.5
256.7
256.8
256.9
257.0
257.1
257.0
257.2
257.1
257.0
257.0
257.1
257.0
257.1
257.1
257.2
257.2
257.4
257.6
257.5
257.8
257.7
258.0
258.2
258.2
258.2
258.2
258.2
258.2
257.9
258.2
258.1
258.1
258.3
258.5
258.8
258.9
258.9
259.0
259.3
259.2
259.4
259.4
259.5
259.5
259.5
259.3
259.1
259.1
258.8
258.6
258.2
258.5
258.2
257.9
258.0
257.7
257.8
257.8
257.9
257.8
257.9
257.6
257.8
257.5
257.5
257.2
257.1
257.1
257.1
256.9
257.0
257.2
257.4
257.4
257.7
257.7
258.0
258.2
258.4
258.2
258.4
258.7
258.9
258.9
258.9
258.9
259.1
259.0
259.1
259.0
258.8
258.9
258.6
258.8
258.7
258.6
258.7
258.7
259.0
259.1
259.2
259.2
259.5
259.7
259.6
259.7
259.7
260.1
260.1
260.1
260.2
260.2
260.2
260.3
261.3
261.5
261.6
261.8
262.0
262.1
262.3
262.5
262.6
262.8
263.0
263.1
263.3
263.5
263.6
263.8
264.0
264.2
264.3
264.5
264.6
264.8
264.9
265.0
265.2
265.3
265.4
265.6
265.7
265.9
266.1
266.3
266.4
266.6
266.7
266.9
267.1
267.2
267.3
267.5
267.6
267.8
267.9
268.0
268.2
268.3
268.4
268.5
268.7
268.8
268.9
269.0
269.1
269.2
269.3
269.4
269.5
269.6
269.7
269.8
270.0
270.1
270.2
270.4
270.5
270.7
270.9
271.1
271.3
271.5
271.7
271.9
272.1
272.4
272.6
272.8
272.9
273.1
273.3
273.4
273.6
273.7
273.8
274.0
274.2
274.3
274.5
274.6
274.7
274.8
274.9
275.0
275.1
275.2
275.1
275.1
275.1
275.1
275.0
274.9
274.9
274.8
274.7
274.6
274.5
274.4
274.2
274.1
274.0
273.8
273.7
273.6
273.4
273.3
273.1
273.0
272.9
272.8
272.7
272.7
272.6
272.5
272.6
272.6
272.6
272.6
272.6
272.6
272.7
272.7
272.7
272.8
272.8
272.8
272.7
272.6
272.6
272.5
272.4
272.3
272.0
271.5
270.9
270.3
269.7
269.1
268.7
268.4
268.2
267.9
267.7
267.5
267.3
267.1
266.6
266.1
265.6
265.0
264.6
264.3
263.9
263.5
263.0
262.6
262.1
261.7
261.2
260.7
260.2
259.7
259.2
258.6
258.1
257.6
257.2
256.7
256.4
255.8
255.5
255.3
255.1
255.1
255.1
255.1
255.1
255.1
255.1
255.1
255.1
255.2
255.2
255.2
255.3
255.3
255.3
255.4
255.4
255.4
255.4
255.5
255.5
255.5
255.5
255.5
255.6
255.6
255.6
255.6
255.7
255.7
255.7
255.8
255.8
255.8
255.9
255.9
255.9
255.9
255.9
255.9
255.9
255.9
255.9
255.9
256.0
256.0
256.0
256.0
256.0
255.9
255.9
255.9
255.9
255.9
255.9
255.9
255.9
255.9
255.9
255.9
255.9
255.9
255.9
255.9
255.9
255.9
255.9
256.0
256.0
256.1
256.1
256.1
256.2
256.2
256.3
256.3
256.4
256.5
256.6
256.6
256.7
256.8
256.9
257.0
257.2
257.3
257.4
257.5
257.6
257.7
257.9
257.9
258.0
258.1
258.2
258.3
258.4
258.4
258.5
258.3
258.3
258.2
258.1
258.0
257.9
257.9
257.8
257.6
257.4
257.2
257.0
256.8
256.6
256.3
256.1
255.9
255.7
255.5
255.4
255.2
255.1
255.0
254.8
254.7
254.7
254.7
254.6
254.6
254.6
254.6
254.6
254.6
254.6
254.7
254.7
254.7
254.7
254.8
254.8
254.8
254.9
254.9
254.9
254.9
255.0
255.0
255.0
255.0
255.0
255.0
255.0
254.9
254.9
254.9
254.8
254.8
254.8
254.7
254.7
254.6
254.5
254.5
254.4
254.2
254.1
254.0
253.8
253.7
253.6
253.5
253.3
253.2
253.1
253.1
253.0
253.0
253.0
252.9
252.9
252.9
252.9
252.9
253.0
253.0
253.1
253.2
253.2
253.3
253.4
253.5
253.6
253.7
253.8
253.9
254.0
254.1
254.2
254.3
254.4
254.5
254.6
254.7
254.8
254.9
255.0
255.1
255.2
255.3
255.4
255.4
255.5
255.6
255.6
255.6
255.6
255.6
255.5
255.5
255.5
255.5
255.5
255.5
255.5
255.4
255.4
255.3
255.3
255.3
255.2
255.2
255.2
255.2
255.1
255.1
255.1
255.1
255.1
255.1
255.1
255.1
255.1
255.1
255.1
255.1
255.1
255.1
255.1
255.0
255.0
254.9
254.8
254.7
254.6
254.5
254.3
254.2
254.0
253.9
253.8
253.6
253.5
253.5
253.4
253.3
253.1
253.0
252.9
252.7
252.6
252.5
252.4
252.3
252.2
252.2
252.1
252.0
251.9
251.9
251.8
251.8
251.7
251.6
251.6
251.5
251.5
251.4
251.4
251.4
251.4
251.4
251.4
251.4
251.4
251.4
251.4
251.5
251.5
251.6
251.7
251.7
251.8
251.9
252.0
252.1
252.2
252.2
252.3
252.4
252.5
252.6
252.7
252.8
252.9
253.0
253.1
253.2
253.3
253.4
253.5
253.7
253.8
253.9
254.1
254.2
254.4
254.6
254.8
254.9
255.1
255.2
255.4
255.5
255.7
255.8
256.0
256.1
256.3
256.4
256.5
256.6
256.7
256.8
256.9
257.1
257.2
257.4
257.5
257.7
257.9
258.2
258.3
258.5
258.6
258.7
258.8
259.0
259.2
259.4
259.6
259.7
259.8
259.8
259.9
259.9
260.0
260.1
260.2
260.3
260.4
260.5
260.7
260.9
261.0
261.2
261.4
261.5
261.6
261.8
261.9
262.0
262.1
262.2
262.4
262.5
262.7
262.8
262.9
263.1
263.2
263.3
263.5
263.6
263.7
263.8
263.9
264.0
264.1
264.2
264.3
264.4
264.6
264.7
264.9
265.0
265.2
265.4
265.6
265.8
266.0
266.2
266.4
266.6
266.8
266.9
267.0
267.0
267.0
267.0
267.0
267.0
267.0
267.0
267.0
267.0
267.4
267.4
267.4
267.4
267.4
267.4
267.4
267.4
267.4
267.4
267.7
267.7
267.7
267.7
267.7
267.7
267.7
267.7
267.7
267.7
267.7
267.7
267.7
267.7
267.7
267.7
267.7
267.7
267.7
267.7
267.7
267.7
267.7
267.7
267.7
267.0
265.5
265.5
265.5
265.5
265.5
264.5
264.4
264.4
264.4
264.4
264.4
267.0
267.0
267.0
267.0
267.0
267.0
267.0
267.0
267.0
268.3
268.3
268.3
269.7
269.7
269.7
269.7
271.1
271.1
271.1
271.1
271.1
271.1
271.1
271.1
271.1
271.1
272.3
272.3
272.3
272.3
272.3
272.3
272.3
272.3
272.3
272.3
272.5
272.5
272.5
270.7
270.7
270.7
270.4
270.4
270.4
268.6
268.6
267.9
267.9
267.9
266.8
266.8
266.8
264.1
264.1
264.1
262.7
262.7
262.7
262.7
261.5
261.5
261.5
261.5
261.0
261.0
261.0
261.0
261.0
261.0
260.8
260.8
260.8
260.8
260.8
260.8
259.6
259.6
259.6
259.6
259.6
259.9
259.9
259.9
259.2
259.2
259.2
259.2
259.5
259.5
259.5
259.5
259.5
259.5
259.4
259.4
260.3
260.3
260.3
260.3
260.3
260.3
261.7
261.7
261.7
261.6
261.6
261.6
262.6
262.6
262.6
262.6
262.6
262.6
262.6
262.6
262.6
262.6
262.6
263.3
263.3
262.1
262.1
262.1
262.1
262.9
262.9
264.1
264.1
264.1
264.1
264.1
265.0
265.0
265.0
265.0
265.0
265.0
265.5
265.5
265.5
265.5
265.5
265.5
265.5
265.7
265.7
265.7
265.7
265.7
266.1
266.1
266.1
266.1
266.1
266.1
266.9
266.9
266.9
266.9
266.9
266.9
266.9
266.9
267.2
267.2
267.2
267.2
267.2
267.7
267.7
267.7
267.7
267.7
267.6
268.0
268.0
268.0
268.0
268.0
268.0
268.0
268.6
268.6
268.6
268.6
267.6
267.6
267.6
267.6
268.3
268.3
268.3
267.5
267.5
267.5
267.5
267.5
268.4
268.4
268.4
268.4
268.3
268.3
269.2
269.2
269.1
269.1
269.1
269.1
269.1
270.1
270.1
270.1
270.1
270.1
270.1
271.4
271.4
271.4
271.4
271.4
271.4
272.6
272.6
272.6
272.6
272.6
273.3
273.3
274.1
274.1
274.1
274.1
274.0
274.0
274.0
274.9
274.9
274.9
274.8
274.8
274.8
274.8
274.8
275.7
275.7
275.7
275.7
275.7
275.7
275.6
275.6
275.6
275.6
275.6
275.5
275.5
275.5
275.5
275.4
275.4
275.4
275.4
275.3
275.3
275.3
275.3
275.3
275.3
275.4
275.4
275.4
275.5
275.5
275.6
275.6
275.7
275.8
275.9
276.0
276.1
276.2
276.3
276.4
276.4
276.5
276.7
276.8
276.9
276.9
277.0
277.0
277.0
277.1
277.1
277.1
277.1
277.1
277.1
277.1
277.1
277.2
277.2
277.1
277.1
277.0
276.9
276.8
276.7
276.6
276.5
276.4
276.2
276.1
275.9
275.8
275.6
275.5
275.4
275.3
275.2
275.1
275.1
275.0
275.0
275.0
275.1
275.1
275.1
275.2
275.2
275.2
275.2
275.2
275.2
275.2
275.2
275.2
275.2
275.1
275.1
275.0
275.0
274.9
274.7
274.6
274.4
274.2
274.0
273.8
273.6
273.4
273.2
273.0
272.9
272.8
272.8
272.9
273.0
273.1
273.2
273.4
273.5
273.6
273.7
273.8
273.9
274.1
274.2
274.4
274.6
274.8
275.0
275.2
275.4
275.6
275.8
276.0
276.2
276.4
276.6
276.8
277.0
277.2
277.5
277.7
277.9
278.0
278.2
278.3
278.4
278.5
278.5
278.6
278.7
278.8
278.8
278.9
278.9
279.0
279.0
279.0
279.0
279.0
278.9
278.8
278.6
278.4
278.1
277.9
277.6
277.4
277.1
276.7
276.4
276.0
275.7
275.4
275.2
274.9
274.7
274.5
274.4
274.2
274.0
273.9
273.8
273.7
273.6
273.5
273.4
273.3
273.2
273.1
273.1
273.1
273.1
272.7
272.5
272.4
272.3
272.3
272.2
272.2
272.2
271.4
270.9
270.4
269.8
269.3
268.7
268.3
267.8
267.5
266.3
266.3
266.1
266.1
266.1
266.1
266.0
266.0
266.1
266.1
267.9
267.9
267.8
267.8
267.8
268.2
268.2
268.2
268.2
268.2
268.2
268.7
268.7
268.7
268.7
268.7
268.7
269.8
269.8
269.8
269.8
269.8
269.7
269.7
270.8
270.8
270.8
270.8
270.8
270.8
271.7
271.7
273.5
273.5
273.4
273.4
273.4
274.7
274.7
274.7
274.7
274.7
274.7
275.8
275.8
275.8
275.8
275.8
276.5
276.5
276.5
274.9
274.9
274.9
274.8
274.8
274.8
272.7
272.7
272.7
272.7
271.1
271.1
271.1
271.1
271.1
271.0
271.8
271.8
271.8
271.8
271.8
271.8
272.2
272.2
272.2
272.2
274.3
274.3
274.3
274.3
274.3
274.3
272.1
272.1
272.1
272.1
272.1
272.1
272.1
269.8
269.8
269.8
269.8
269.8
269.9
269.9
269.9
268.3
268.3
268.3
268.3
268.3
268.8
268.8
268.8
268.8
268.8
268.7
268.7
268.7
268.7
269.1
269.1
269.1
269.1
269.0
269.0
269.0
269.6
268.6
268.5
268.5
268.5
269.3
269.3
269.3
269.3
269.3
269.3
270.1
270.1
270.1
270.1
270.1
270.1
270.1
270.1
270.9
270.9
270.9
270.9
271.9
271.9
271.9
271.9
271.9
271.8
272.8
272.8
272.8
272.8
273.2
273.2
273.2
273.1
273.1
273.1
273.1
273.9
273.9
273.9
273.8
273.8
273.8
273.8
273.8
273.8
274.7
274.7
274.7
274.7
274.6
274.6
274.6
274.6
275.5
275.5
276.0
276.0
276.0
276.0
276.0
276.0
275.9
275.8
275.7
275.6
275.6
275.5
275.4
275.3
275.3
275.3
275.3
275.3
275.3
275.3
275.3
275.3
275.4
275.4
275.4
275.4
275.5
275.5
275.6
275.6
275.7
275.8
275.8
275.9
276.0
276.1
276.2
276.3
276.4
276.6
276.7
276.8
277.0
277.0
277.1
277.2
277.3
277.3
277.4
277.4
277.5
277.6
277.6
277.7
277.8
277.9
278.0
278.1
278.2
278.2
278.3
278.4
278.5
278.5
278.6
278.6
278.6
278.7
278.7
278.7
278.7
278.7
278.7
278.7
278.7
278.7
278.7
278.7
278.7
278.7
278.6
278.6
278.6
278.6
278.6
278.6
278.5
278.5
278.5
278.5
278.5
278.4
278.4
278.4
278.4
278.3
278.3
278.3
278.3
278.2
278.2
278.2
278.1
278.1
278.0
278.0
278.0
277.9
277.9
277.8
277.7
277.7
277.6
277.5
277.3
277.2
277.0
276.9
276.8
276.6
276.5
276.4
276.3
276.3
276.2
276.1
276.1
276.0
276.0
276.0
275.9
275.9
275.8
275.7
275.7
275.6
275.5
275.4
275.3
275.3
275.2
275.1
275.0
275.0
274.9
274.8
274.7
274.5
274.4
274.3
274.1
273.9
273.8
273.6
273.3
273.1
272.9
272.7
272.5
272.2
271.9
271.7
271.4
271.1
270.8
270.5
270.2
269.9
269.7
269.4
269.0
268.7
268.5
268.2
267.9
267.7
267.4
267.2
266.9
266.5
266.2
266.0
265.7
265.5
265.2
264.9
264.7
264.4
264.2
264.0
263.8
263.6
263.5
263.4
263.2
263.1
262.9
262.8
262.6
262.5
262.4
262.3
262.1
262.0
261.9
261.8
261.6
261.5
261.4
261.3
261.2
261.2
261.2
261.3
261.3
261.4
261.5
261.6
261.9
262.0
262.2
262.3
262.5
262.6
262.7
262.8
262.9
263.0
263.0
263.1
263.1
263.1
263.1
263.1
263.1
263.1
263.0
263.0
262.9
262.8
262.8
262.7
262.6
262.6
262.4
262.2
262.0
261.6
261.3
260.9
260.6
260.4
260.1
259.9
259.7
259.5
259.3
259.1
258.3
258.2
258.1
258.0
258.0
258.0
257.9
257.4
257.3
257.1
257.0
256.9
256.7
256.6
256.5
256.4
256.3
256.3
256.2
256.2
256.1
256.1
256.0
256.0
256.0
255.9
255.9
255.9
255.9
255.9
255.9
255.9
255.9
255.9
255.9
255.9
255.9
255.9
255.9
256.0
256.0
256.0
256.0
255.9
255.9
255.9
255.9
255.9
255.9
255.9
255.9
255.9
255.8
255.8
255.8
255.8
255.7
255.7
255.7
255.6
255.6
255.6
255.6
255.6
255.6
255.6
255.6
255.5
255.5
255.5
255.5
255.5
255.4
255.6
255.6
255.7
255.7
255.7
255.8
255.8
255.9
256.0
256.1
256.2
256.3
256.5
256.6
256.8
256.9
257.1
257.3
257.5
257.8
258.1
258.3
258.6
258.8
259.0
259.1
259.3
259.3
259.4
259.5
259.6
259.7
259.7
259.8
259.9
260.0
260.1
260.2
260.2
260.3
260.4
260.4
260.5
260.6
260.7
260.8
260.9
261.0
261.1
261.2
261.3
261.4
261.5
261.6
261.8
261.9
262.0
262.2
262.3
262.4
262.6
262.7
262.8
263.0
263.1
263.2
263.3
263.5
263.6
263.7
263.8
263.9
264.1
264.2
264.3
264.4
264.6
264.7
264.8
264.9
265.0
265.1
265.2
265.3
265.4
265.6
265.7
265.8
265.9
266.0
266.1
266.2
266.3
266.4
266.6
266.7
266.8
266.9
267.1
267.2
267.3
267.4
267.6
267.7
267.8
267.9
268.0
268.1
268.2
268.3
268.4
268.5
268.7
268.8
268.9
269.1
269.2
269.2
269.3
269.4
269.5
269.5
269.6
269.7
269.8
269.8
269.9
270.0
270.1
270.2
270.3
270.3
270.4
270.5
270.5
270.6
270.6
270.6
270.5
270.5
270.4
270.4
270.3
270.2
270.1
270.1
270.0
269.9
269.8
269.7
269.6
269.4
269.3
269.2
269.2
269.1
269.0
269.0
268.9
268.9
268.8
268.8
268.8
268.8
268.9
268.9
268.9
269.0
269.0
269.1
269.1
269.2
269.2
269.3
269.3
269.4
269.4
269.5
269.5
269.6
269.6
269.7
269.8
269.8
269.9
270.0
270.1
270.2
270.2
270.3
270.4
270.4
270.5
270.5
270.6
271.1
271.3
271.3
271.4
271.5
271.6
271.6
271.7
271.7
271.8
271.9
271.9
272.0
272.1
272.2
272.3
272.5
272.6
272.7
272.8
272.9
273.0
273.1
273.2
273.3
273.5
273.6
273.7
273.9
274.0
274.1
274.3
274.4
274.6
274.8
274.9
275.1
275.3
275.4
275.6
275.7
275.8
275.9
275.9
276.0
276.1
276.2
276.2
276.1
275.9
275.8
275.7
275.6
275.0
275.0
275.0
274.2
274.2
274.2
273.3
273.3
272.8
272.0
272.0
272.0
272.1
271.1
271.1
271.1
271.1
270.2
268.9
268.9
268.9
268.9
268.0
268.0
268.8
268.0
268.0
268.0
267.1
267.2
267.2
267.2
267.2
266.5
267.5
267.5
267.5
267.5
267.5
266.9
268.0
268.0
268.0
267.7
267.7
267.7
267.2
267.2
267.2
266.8
266.8
266.0
266.0
265.9
265.9
265.9
265.9
265.7
265.8
265.8
264.7
264.8
265.8
265.8
265.8
265.8
265.8
265.3
265.4
264.1
264.2
263.2
263.3
263.3
262.4
262.4
262.4
262.5
262.5
261.8
261.8
263.0
263.0
263.1
262.1
262.1
262.1
260.9
259.5
259.5
259.5
259.6
258.7
258.7
258.8
258.8
259.2
259.2
259.2
259.2
259.2
259.2
259.0
259.0
260.2
260.2
260.2
260.2
260.2
260.2
260.2
260.2
260.4
260.4
260.4
260.4
260.4
261.0
261.0
261.0
261.0
261.1
261.0
261.0
261.0
261.0
262.5
262.5
262.6
263.7
263.7
263.7
263.7
264.9
264.9
264.9
264.9
264.9
264.9
266.5
266.5
267.5
267.6
267.6
267.6
267.6
267.6
267.6
268.4
268.4
268.4
270.2
270.2
270.2
270.3
270.3
270.5
270.5
270.5
270.5
270.5
272.4
272.4
272.4
272.4
272.4
272.4
272.4
272.5
274.6
274.0
274.1
274.1
274.1
274.1
272.8
272.8
272.9
272.9
269.7
269.7
269.7
269.7
268.6
268.6
268.7
267.1
266.2
266.2
266.3
266.3
265.5
265.5
265.6
265.6
265.6
265.6
265.6
265.6
267.1
267.1
267.1
267.1
267.1
267.2
268.5
268.5
268.5
268.5
267.9
267.9
267.9
268.0
268.0
268.0
268.0
268.0
268.0
268.0
268.0
268.0
268.0
268.1
268.1
268.1
268.1
268.1
268.1
267.7
267.8
267.8
267.8
267.8
267.4
267.4
267.4
267.5
267.5
267.5
267.4
267.5
267.7
267.8
268.0
268.2
268.4
268.6
268.9
269.3
269.6
269.8
270.0
270.2
270.4
270.6
270.8
271.0
271.2
271.4
271.5
271.7
271.9
272.1
272.3
272.3
272.3
272.4
272.4
272.4
272.4
272.4
272.5
272.5
272.5
272.5
272.5
272.5
272.6
272.6
272.6
272.6
272.6
272.7
272.7
272.7
272.7
272.7
272.7
272.7
272.7
272.7
272.7
272.7
272.7
272.8
272.8
272.8
272.8
272.9
272.9
272.9
273.0
273.1
273.2
273.3
273.3
273.4
273.5
273.6
273.7
273.8
274.0
274.1
274.3
274.4
274.6
274.7
274.9
275.0
275.1
275.3
275.4
275.6
275.8
275.9
276.1
276.2
276.4
276.5
276.7
276.8
277.0
277.1
277.3
277.4
277.6
277.7
277.9
278.0
278.1
278.3
278.4
278.5
278.6
278.7
278.8
278.9
279.0
279.1
279.2
279.3
279.4
279.5
279.5
279.6
279.7
279.8
279.8
279.9
280.0
280.0
280.1
280.2
280.3
280.3
280.4
280.5
280.6
280.7
280.8
281.0
281.1
281.3
281.5
281.6
281.7
281.8
281.9
282.0
282.1
282.2
282.3
282.4
282.5
282.6
282.8
282.9
283.0
283.1
283.1
283.2
283.3
283.4
283.5
283.6
283.7
283.8
283.9
284.0
284.1
284.2
284.3
284.4
284.5
284.7
284.8
284.9
285.1
285.2
285.2
285.3
285.3
285.4
285.4
285.4
285.4
285.4
285.4
285.4
285.5
285.5
285.6
285.6
285.6
285.6
285.7
285.7
285.7
285.7
285.7
285.7
285.7
285.7
285.7
285.7
285.7
285.7
285.7
285.7
285.7
285.7
285.7
285.7
285.7
285.7
285.8
285.8
286.0
286.0
286.1
286.1
286.2
286.3
286.4
286.5
286.6
286.7
286.8
286.9
287.0
287.1
287.2
287.3
287.4
287.5
287.6
287.8
288.0
288.2
288.5
288.7
288.9
289.1
289.3
289.5
289.7
289.9
290.1
290.4
290.6
290.8
291.0
291.2
291.4
291.5
291.7
291.9
292.1
292.3
292.5
292.7
292.9
293.1
293.4
293.8
294.1
294.5
294.9
295.1
295.3
295.6
295.8
296.0
296.2
296.3
296.5
296.7
296.8
297.0
297.2
297.3
297.5
297.7
297.8
298.0
298.1
298.3
298.4
298.5
298.7
298.8
298.9
299.1
299.2
299.4
299.5
299.6
299.8
299.9
300.0
300.2
300.3
300.5
300.6
300.7
300.9
301.0
301.1
301.2
301.3
302.2
302.3
302.3
302.3
302.3
302.3
302.3
302.3
302.3
302.3
302.3
302.3
302.3
302.3
302.6
302.7
302.7
302.7
302.8
302.8
302.8
302.8
302.9
303.0
303.1
303.4
303.7
304.0
304.1
304.3
304.4
304.6
304.8
304.9
305.1
305.2
305.4
305.5
305.6
305.7
305.9
305.9
306.0
306.1
306.2
306.2
306.3
306.3
306.4
306.4
306.4
306.4
306.4
306.3
306.3
306.2
306.1
306.0
305.8
305.7
305.5
305.3
305.0
304.6
304.1
303.6
303.0
302.4
301.8
301.3
300.9
300.5
300.3
300.0
299.8
299.6
299.5
299.3
299.2
299.1
299.1
299.0
299.0
298.9
298.8
298.8
298.7
298.6
298.4
298.3
298.2
298.1
298.0
297.9
297.8
297.7
297.6
297.5
297.4
297.3
297.2
297.1
297.0
296.9
296.8
296.7
296.6
296.5
296.4
296.3
296.2
296.1
296.0
295.9
295.8
295.7
295.6
295.5
295.5
295.4
295.3
295.2
295.1
294.9
294.8
294.8
294.8
294.8
294.8
294.9
295.1
295.2
295.4
295.6
295.8
296.1
296.3
296.5
296.8
296.9
297.1
297.3
297.5
297.7
297.9
298.1
298.2
298.4
298.6
298.8
298.9
299.1
299.3
299.5
299.7
299.9
300.1
300.2
300.4
300.5
300.7
300.8
301.0
301.1
301.3
301.4
301.5
301.6
301.8
301.9
302.0
302.2
302.3
302.5
302.7
302.8
303.0
303.1
303.2
303.3
303.4
303.5
303.6
303.7
303.8
304.0
304.1
304.2
304.3
304.3
304.4
304.5
304.6
304.6
304.7
304.7
304.8
304.8
304.8
304.9
304.9
304.9
305.0
305.0
305.0
305.0
305.0
305.1
305.1
305.1
305.1
305.1
305.1
305.0
305.0
305.0
304.9
304.9
304.9
305.1
305.2
305.4
305.5
305.7
305.8
306.0
306.1
306.2
306.4
306.5
306.6
306.7
306.8
306.8
306.9
307.0
307.0
307.1
307.1
307.2
307.2
307.2
307.3
307.3
307.3
307.3
307.3
307.3
307.3
307.3
307.2
307.2
307.1
307.1
307.0
307.0
306.9
306.8
306.7
306.5
306.4
306.3
306.1
305.9
305.4
304.8
304.5
304.1
303.7
303.2
302.8
302.3
301.9
301.5
301.2
300.8
300.5
300.2
299.9
299.6
299.4
299.1
298.9
298.6
298.5
298.3
298.2
298.1
298.0
298.0
297.9
297.9
297.9
297.9
297.9
297.9
297.9
298.0
298.0
298.0
298.1
298.1
298.2
298.2
298.2
298.3
298.3
298.4
298.4
298.4
298.5
298.5
298.5
298.5
298.5
298.4
298.3
298.2
298.2
298.1
298.1
298.0
298.0
298.0
297.9
297.9
297.9
297.9
297.9
297.9
297.9
297.9
297.9
297.9
297.9
297.9
297.9
297.9
297.9
297.9
297.9
297.9
297.9
297.9
297.9
297.9
297.9
298.0
298.0
298.0
298.1
298.1
298.2
298.3
298.4
298.4
298.5
298.6
298.7
298.7
298.8
298.9
299.0
299.0
299.1
299.1
299.2
299.2
299.3
299.4
299.5
299.6
299.7
299.8
300.0
300.2
300.3
300.5
300.7
300.9
301.0
301.1
301.3
301.4
301.6
301.7
301.8
302.0
302.1
302.3
302.5
302.7
302.9
303.1
303.2
303.3
303.4
303.5
303.5
303.6
303.7
303.7
303.8
303.8
303.9
304.0
304.0
304.1
304.4
304.6
304.8
305.0
305.2
305.4
305.5
305.6
305.7
305.8
306.0
306.1
306.3
306.5
306.7
306.9
307.1
307.3
307.5
307.6
307.8
307.9
308.0
308.1
308.2
308.3
308.3
308.4
308.5
308.6
308.6
308.6
308.6
309.3
309.3
309.3
309.3
309.3
309.3
309.3
308.4
308.4
309.0
309.0
309.0
309.0
309.0
309.0
309.0
309.0
309.0
309.0
309.0
309.0
309.0
309.8
310.4
310.4
310.4
310.4
311.3
311.3
311.3
311.3
311.3
311.3
311.3
311.3
312.1
312.1
312.1
312.1
312.3
312.3
312.3
312.3
312.3
313.1
313.1
313.1
313.1
313.1
313.9
313.9
313.9
313.6
313.6
314.4
314.4
314.4
314.4
314.7
315.7
315.7
315.7
315.7
315.7
315.7
316.7
316.7
316.7
316.7
316.7
316.7
316.3
316.3
317.4
317.4
317.4
317.4
317.2
317.2
317.2
318.8
318.8
318.8
318.8
318.8
318.8
320.6
320.6
320.6
320.6
320.6
320.6
320.6
320.6
322.2
322.2
322.2
322.2
322.2
322.2
322.2
322.2
322.2
322.2
322.2
323.9
323.9
323.9
323.9
323.9
323.9
323.9
323.9
323.9
323.9
325.7
325.7
325.7
325.7
325.7
325.7
325.7
325.7
325.7
325.7
325.5
325.5
325.5
325.5
325.5
325.5
325.5
325.1
325.1
325.1
325.1
325.1
325.1
325.1
325.1
324.6
324.6
324.6
324.6
324.6
324.6
326.1
326.1
326.1
326.1
326.1
326.1
326.1
325.8
325.8
325.8
327.0
327.0
327.0
327.0
327.0
327.0
328.3
328.3
328.3
328.3
328.0
328.0
328.7
328.7
328.7
328.7
328.7
328.7
328.7
328.7
330.0
330.0
330.0
330.0
330.6
330.6
330.6
330.6
330.6
330.6
330.6
331.2
331.2
331.2
331.2
331.2
331.9
331.9
330.3
330.6
330.6
330.6
328.5
328.5
328.4
328.4
328.4
328.4
328.3
328.3
328.3
326.1
326.1
325.9
325.9
325.9
325.9
325.5
325.5
325.5
325.5
328.1
327.5
327.5
327.5
327.5
327.5
327.5
326.5
326.5
326.5
326.5
329.8
328.6
328.6
328.6
328.6
327.7
327.7
327.7
327.2
327.2
327.2
327.2
326.7
326.7
326.1
326.1
326.1
326.1
326.1
328.2
328.2
328.2
328.2
327.2
327.2
327.2
326.6
326.6
326.6
323.5
323.5
326.3
326.1
326.1
326.1
326.1
325.8
325.8
325.8
325.8
325.8
325.6
325.6
325.6
325.6
325.6
325.5
325.5
325.5
325.5
325.7
325.7
325.7
325.7
325.7
326.0
326.0
323.5
323.5
323.5
324.0
324.0
321.0
321.0
321.3
321.3
321.3
321.8
321.8
321.8
321.8
321.8
322.4
322.4
322.4
325.4
326.0
326.0
326.0
326.0
326.0
326.0
326.0
326.0
326.0
326.5
330.0
330.0
330.0
330.0
330.0
330.0
330.7
330.7
330.7
330.7
330.7
330.7
331.3
331.3
331.3
331.3
331.3
331.3
331.3
331.7
331.7
331.7
331.7
331.7
331.7
331.7
332.1
332.1
332.1
332.1
332.1
332.1
332.1
332.6
332.6
332.6
332.6
332.6
332.6
332.6
332.6
333.1
333.1
333.1
333.1
333.1
333.1
333.1
333.1
333.8
333.8
333.8
333.8
333.8
328.6
329.0
329.0
329.0
329.0
329.0
329.0
329.0
329.7
329.7
329.7
329.7
329.7
329.7
329.7
330.6
325.7
326.2
326.2
326.2
326.8
326.8
332.5
332.5
333.7
333.7
333.7
333.7
335.2
335.2
328.8
329.8
329.8
329.8
330.6
330.6
330.6
330.6
330.9
325.0
325.0
324.8
324.8
324.8
324.8
324.8
324.5
324.5
324.5
324.5
324.5
324.5
320.3
320.3
320.3
320.3
320.3
320.3
320.3
320.3
320.3
320.3
320.3
320.3
317.1
317.4
317.4
317.4
317.4
317.4
317.4
317.4
317.4
317.4
317.4
317.7
317.7
317.7
317.7
317.7
317.7
320.5
320.5
320.4
320.4
320.4
317.7
317.7
317.7
317.7
317.7
317.7
317.7
317.7
317.7
317.7
317.7
317.7
317.7
317.7
317.7
317.7
317.7
317.8
317.8
317.8
317.8
317.8
317.8
317.8
317.8
317.8
317.8
317.8
317.8
320.3
320.3
320.3
320.3
320.3
320.3
320.3
320.3
320.3
320.3
320.3
320.3
320.3
320.3
320.3
320.3
320.3
320.3
322.9
322.9
322.7
322.7
322.7
322.7
322.7
322.7
322.4
319.6
319.6
319.6
319.6
319.6
319.6
319.6
319.3
319.3
319.3
319.3
319.3
319.3
319.3
319.3
319.3
319.3
319.3
319.3
319.3
319.3
319.3
317.5
317.5
317.5
317.5
317.5
317.5
317.5
317.5
319.3
319.3
319.3
319.3
319.2
319.2
319.2
319.2
319.2
318.9
321.0
321.0
321.0
321.0
321.0
320.8
320.8
320.8
320.8
318.6
318.1
318.1
318.1
318.1
318.1
315.7
315.7
315.7
314.8
314.8
313.0
313.0
313.0
313.0
311.8
310.7
310.7
310.7
310.7
310.7
310.7
309.9
309.0
309.0
309.0
309.0
309.0
309.0
309.0
309.0
308.9
308.9
309.6
309.6
309.6
309.6
309.6
309.5
310.7
310.7
310.7
310.7
310.7
310.8
310.8
310.8
310.8
312.6
312.4
312.4
312.4
314.6
314.6
314.6
314.6
317.5
317.5
317.5
317.5
317.5
317.5
317.5
317.9
317.9
317.9
318.0
318.4
318.4
318.5
316.2
316.2
316.7
316.7
316.8
316.8
317.3
317.4
317.6
317.7
318.3
318.3
318.4
318.5
318.5
318.4
318.9
319.0
318.8
318.9
319.0
319.0
319.4
319.5
319.6
319.6
320.0
320.0
320.1
320.4
320.4
320.7
320.7
320.8
320.8
320.8
319.6
319.7
319.5
319.5
319.4
319.4
319.4
318.7
318.6
318.7
319.0
319.1
319.1
319.1
318.5
318.7
318.5
318.2
318.2
318.1
318.3
318.2
318.2
317.8
317.9
318.4
318.4
318.4
318.3
318.5
318.4
318.5
318.3
318.2
318.2
317.8
317.7
317.8
317.6
317.7
317.5
317.6
317.1
317.2
317.2
316.9
317.0
316.6
316.7
316.3
316.4
315.9
315.9
315.5
315.1
315.3
314.8
314.4
314.5
314.2
313.9
314.0
313.7
313.7
313.5
313.6
313.3
313.4
313.5
313.4
313.6
313.3
313.4
313.5
313.6
313.6
313.7
313.7
313.4
313.4
313.4
313.4
313.2
313.2
313.2
313.0
312.9
312.9
312.7
312.6
312.5
312.3
312.5
312.4
312.2
312.4
312.5
312.5
312.5
312.4
312.5
312.3
312.5
312.4
312.4
312.5
312.3
312.2
312.4
312.4
312.2
312.4
312.3
312.5
312.4
312.5
312.7
312.6
312.6
312.6
312.7
312.5
312.6
312.6
312.6
312.5
312.7
312.8
313.0
312.9
313.1
313.2
313.4
313.5
313.4
313.6
313.6
313.8
313.8
313.7
313.7
313.9
313.8
313.8
313.8
313.9
314.1
314.2
314.2
314.3
314.6
314.7
314.9
314.9
315.0
315.1
315.2
315.2
315.4
315.5
315.6
315.8
316.0
316.2
316.3
316.3
316.5
316.5
316.4
316.6
316.4
316.6
316.4
316.3
316.3
316.1
316.1
315.8
315.8
315.5
315.2
314.8
314.5
314.4
314.1
314.1
313.9
313.9
313.6
313.4
313.4
313.2
313.0
312.8
312.8
312.7
312.8
312.8
312.7
312.8
312.6
312.7
312.5
312.3
312.3
312.1
311.8
311.4
311.1
311.1
310.8
310.4
310.3
309.9
309.8
309.6
309.5
309.2
309.5
309.4
309.7
310.1
310.0
310.4
310.6
310.9
310.9
311.1
311.4
311.8
311.8
312.1
312.0
312.3
312.3
312.3
312.2
312.1
311.9
311.8
311.7
311.6
311.6
311.4
311.3
311.3
311.1
311.1
311.0
311.0
311.0
311.0
311.0
311.0
311.0
310.8
310.8
310.6
310.6
310.4
310.1
309.6
309.2
308.8
308.4
307.9
307.3
306.4
305.9
305.4
305.4
305.0
304.7
304.2
303.6
303.2
302.8
302.2
302.1
302.0
302.0
302.0
302.0
302.0
302.0
302.0
302.0
302.0
302.0
302.0
302.0
302.0
302.0
302.0
302.0
302.0
302.0
302.0
302.0
302.0
302.0
302.0
302.0
302.0
302.0
302.0
302.0
302.0
302.0
302.0
302.0
302.0
302.0
302.0
302.0
302.0
302.0
302.0
302.0
302.0
302.0
302.0
302.0
302.0
302.0
302.0
302.0
302.0
302.0
302.0
302.0
302.0
302.0
302.0
302.0
302.0
302.0
302.0
302.0
302.0
302.0
302.0
302.0
302.0
302.0
302.0
302.0
302.0
302.0
302.0
302.0
302.0
302.1
302.3
302.3
302.4
302.4
302.4
302.7
302.7
302.7
302.7
303.0
302.9
302.9
302.9
302.9
302.9
302.6
302.5
302.4
302.3
302.2
302.1
302.0
302.0
302.0
302.0
302.0
302.0
302.0
302.0
302.0
302.0
302.0
302.0
302.0
302.0
302.0
302.0
302.0
302.0
302.0
302.0
302.0
302.0
302.0
302.0
302.0
302.0
302.0
302.0
302.0
302.0
302.0
302.0
302.0
302.0
302.0
302.0
302.0
302.0
302.0
302.0
302.0
302.0
302.0
302.0
302.0
302.0
302.0
302.0
302.0
302.0
302.0
302.0
302.0
302.0
302.0
302.0
302.0
302.0
302.0
302.0
302.0
302.0
302.0
302.0
302.0
302.0
302.0
302.0
302.0
302.0
302.0
302.0
302.0
302.1
302.1
302.1
302.1
302.1
302.4
302.4
302.5
302.6
302.8
302.9
303.0
303.2
303.4
303.6
303.7
303.7
303.5
303.6
303.6
303.8
304.0
304.0
304.2
304.4
304.7
305.1
305.3
305.6
305.8
306.0
306.1
306.1
306.1
306.0
306.0
306.0
305.9
305.9
305.9
305.8
305.8
305.8
305.7
305.7
305.6
305.6
305.5
305.5
305.5
305.4
305.4
305.4
305.4
305.3
305.3
305.3
305.3
305.3
305.2
305.2
305.2
305.2
305.2
305.1
305.1
305.1
305.1
305.1
305.1
305.0
305.0
305.0
305.0
305.0
304.9
304.9
304.9
304.9
304.9
304.9
304.9
304.9
304.9
304.9
305.0
305.0
305.0
305.0
305.1
305.1
305.1
305.1
305.1
305.0
305.0
305.0
304.9
304.9
304.8
304.8
304.7
304.7
304.6
304.6
304.5
304.3
304.1
303.9
303.7
303.5
303.3
303.0
302.7
302.4
302.1
301.7
301.4
301.0
300.7
300.4
300.2
300.1
300.1
300.1
300.1
300.0
299.2
298.9
298.6
298.1
297.7
297.2
296.7
296.3
295.9
295.5
295.2
295.0
294.9
294.8
294.7
294.8
294.8
294.9
295.0
295.1
295.1
295.2
295.3
295.3
295.4
295.5
295.6
295.6
295.7
295.8
295.8
295.9
296.0
296.1
296.1
296.2
296.3
296.4
296.5
296.5
296.6
296.7
296.7
296.8
296.9
297.0
297.1
297.2
297.3
297.4
297.5
297.6
297.7
297.8
298.0
298.1
298.2
298.3
298.4
298.5
298.6
298.8
298.9
299.0
299.1
299.2
299.3
299.4
299.5
299.6
299.7
299.8
299.9
300.0
300.1
300.1
300.2
300.3
300.4
300.5
300.6
300.7
300.8
301.0
301.1
301.3
301.4
301.6
301.8
302.0
302.2
302.6
302.8
303.0
303.2
303.3
303.5
303.6
303.7
303.9
304.0
304.2
304.3
304.5
304.6
304.7
304.9
305.0
305.1
305.2
305.4
305.5
305.6
305.8
305.9
306.0
306.1
306.2
306.2
306.3
306.3
306.4
306.4
306.4
306.4
306.4
306.3
306.3
306.2
306.1
306.0
305.9
305.7
305.5
305.3
305.0
304.7
304.4
304.1
303.8
303.6
303.4
303.2
303.1
303.0
302.9
302.9
302.8
302.8
302.7
302.7
302.7
302.7
302.6
302.6
302.6
302.5
302.4
302.3
302.3
302.2
302.2
302.2
302.1
302.1
301.5
301.4
301.3
301.2
301.2
301.1
301.0
301.0
300.3
300.0
299.8
299.4
299.1
298.7
298.4
298.1
297.8
297.5
297.1
296.7
296.3
295.9
295.5
295.1
294.7
294.3
293.9
293.5
293.1
292.7
292.3
291.9
291.5
291.1
290.4
290.0
289.6
289.3
288.9
288.6
288.2
287.9
287.6
287.4
287.2
287.0
286.8
286.7
286.5
286.4
286.2
286.1
286.1
286.0
286.0
285.9
285.9
285.9
285.9
285.9
285.9
285.9
285.3
285.2
285.1
285.0
284.9
284.7
284.5
284.3
284.1
283.9
283.7
283.6
283.4
283.2
283.0
282.8
282.7
282.5
282.3
282.1
281.9
281.7
281.6
281.5
281.4
281.4
281.4
281.3
281.3
281.2
281.1
281.0
280.7
280.6
280.5
280.4
280.2
280.1
280.0
279.9
279.9
279.8
279.8
279.8
279.7
279.7
279.7
279.7
279.7
279.7
279.7
279.6
279.6
279.6
279.7
279.8
279.9
280.0
280.1
280.1
280.2
280.3
280.4
280.5
280.6
280.7
280.8
280.9
281.0
281.0
281.1
281.2
281.3
281.4
281.4
281.5
281.5
281.6
281.6
281.6
281.7
281.7
281.7
281.8
281.8
281.8
281.8
281.9
281.9
281.9
281.9
281.9
281.9
281.9
282.0
282.0
282.0
282.0
282.0
282.0
282.0
282.1
282.1
282.1
282.1
282.1
282.1
282.1
282.2
282.2
282.2
282.2
282.3
282.3
282.3
282.4
282.4
282.4
282.4
282.5
282.5
282.5
282.5
282.5
282.5
282.5
282.5
282.5
282.5
282.5
282.5
282.5
282.6
282.7
282.8
282.9
283.0
283.1
283.2
283.3
283.4
283.5
283.6
283.7
283.8
283.9
284.0
284.1
284.2
284.2
284.3
284.4
284.5
284.5
284.6
284.6
284.7
284.7
284.8
284.8
284.8
284.9
284.9
285.0
285.0
285.0
285.1
285.1
285.2
285.2
285.2
285.2
285.2
285.2
285.2
285.2
285.2
285.2
285.1
285.1
285.1